# generated by mapDistFL2Qry.pl
# generated by combineDisRestraintFLs_oneCluster.pl
# Predicted Ca-Ca distances between query chains (Distances larger than 8.5 angstroms are not included).
# NOTE: the atom residue numbers in this file belong to template 1, which was used as the structure of the query proteins.
A1	B1	A_template1	B_template1	mean	min	max
118	82	119	92	7.758	7.758	7.758
103	78	104	88	8.480	8.480	8.480
100	78	101	88	6.984	6.984	6.984
100	80	101	90	7.709	7.709	7.709
100	79	101	89	8.181	8.181	8.181
101	78	102	88	6.286	6.286	6.286
101	79	102	89	8.408	8.408	8.408
125	80	126	90	8.109	8.109	8.109
121	81	122	91	7.192	7.192	7.192
121	80	122	90	6.490	6.490	6.490
59	82	60	92	8.169	8.169	8.169
71	78	72	88	7.469	7.469	7.469
71	77	72	87	7.371	7.371	7.371
72	77	73	87	7.990	7.990	7.990
120	82	121	92	7.555	7.555	7.555
120	81	121	91	7.527	7.527	7.527
120	83	121	93	7.336	7.336	7.336
124	80	125	90	8.266	8.266	8.266
102	78	103	88	5.709	5.709	5.709
102	77	103	87	7.817	7.817	7.817
102	79	103	89	8.360	8.360	8.360
102	76	103	86	8.003	8.003	8.003
