# generated by mapDistFL2Qry.pl
# generated by combineDisRestraintFLs_oneCluster.pl
# Predicted Ca-Ca distances between query chains (Distances larger than 8.5 angstroms are not included).
# NOTE: the atom residue numbers in this file belong to template 1, which was used as the structure of the query proteins.
A1	B1	A_template1	B_template1	mean	min	max
104	81	105	91	7.973	7.973	7.973
104	80	105	90	8.118	8.118	8.118
110	78	111	88	7.578	7.578	7.578
103	80	104	90	6.330	6.330	6.330
103	79	104	89	7.124	7.124	7.124
103	78	104	88	8.378	8.378	8.378
103	87	104	97	6.694	6.694	6.694
103	81	104	91	6.191	6.191	6.191
99	80	100	90	7.472	7.472	7.472
123	82	124	92	8.181	8.181	8.181
123	81	124	91	8.450	8.450	8.450
123	83	124	93	8.170	8.170	8.170
100	78	101	88	5.585	5.585	5.585
100	80	101	90	5.350	5.350	5.350
100	79	101	89	5.923	5.923	5.923
122	82	123	92	7.866	7.866	7.866
122	83	123	93	8.390	8.390	8.390
101	78	102	88	4.940	4.940	4.940
101	77	102	87	8.446	8.446	8.446
101	81	102	91	7.965	7.965	7.965
101	80	102	90	5.043	5.043	5.043
101	79	102	89	5.332	5.332	5.332
125	81	126	91	7.283	7.283	7.283
125	80	126	90	5.075	5.075	5.075
121	82	122	92	5.268	5.268	5.268
121	81	122	91	6.903	6.903	6.903
121	83	122	93	7.271	7.271	7.271
121	80	122	90	6.799	6.799	6.799
71	78	72	88	6.192	6.192	6.192
71	77	72	87	5.678	5.678	5.678
71	75	72	85	8.170	8.170	8.170
71	76	72	86	6.861	6.861	6.861
72	78	73	88	7.620	7.620	7.620
72	77	73	87	6.589	6.589	6.589
72	75	73	85	6.720	6.720	6.720
72	76	73	86	5.492	5.492	5.492
120	82	121	92	5.829	5.829	5.829
120	83	121	93	6.363	6.363	6.363
124	82	125	92	6.239	6.239	6.239
124	81	125	91	5.135	5.135	5.135
124	83	125	93	7.670	7.670	7.670
124	80	125	90	5.350	5.350	5.350
102	77	103	87	7.210	7.210	7.210
102	80	103	90	6.505	6.505	6.505
102	79	103	89	5.472	5.472	5.472
102	78	103	88	5.119	5.119	5.119
102	87	103	97	7.384	7.384	7.384
102	81	103	91	7.822	7.822	7.822
102	76	103	86	7.915	7.915	7.915
