# generated by mapDistFL2Qry.pl
# generated by combineDisRestraintFLs_oneCluster.pl
# Predicted Ca-Ca distances between query chains (Distances larger than 8.5 angstroms are not included).
# NOTE: the atom residue numbers in this file belong to template 1, which was used as the structure of the query proteins.
A1	B1	A_template1	B_template1	mean	min	max
60	82	61	92	8.459	8.419	8.499
110	78	111	88	7.467	7.444	7.491
100	78	101	88	5.898	5.805	5.992
100	80	101	90	5.851	5.832	5.870
100	79	101	89	6.432	6.346	6.518
121	81	122	91	8.324	8.211	8.437
121	80	122	90	7.868	7.736	8.000
59	82	60	92	6.694	6.662	6.727
59	83	60	93	8.165	8.101	8.229
71	78	72	88	5.882	5.765	5.998
71	77	72	87	4.845	4.815	4.875
71	79	72	89	7.805	7.715	7.896
71	76	72	86	8.115	8.108	8.122
70	77	71	87	7.959	7.889	8.029
102	78	103	88	4.729	4.623	4.834
102	77	103	87	6.779	6.659	6.899
102	80	103	90	8.415	8.383	8.446
102	79	103	89	6.923	6.843	7.003
102	76	103	86	7.102	7.006	7.199
56	82	57	92	7.832	7.711	7.954
103	78	104	88	8.223	8.105	8.341
73	77	74	87	7.749	7.748	7.750
62	79	63	89	8.524	8.492	8.557
101	78	102	88	4.832	4.700	4.964
101	77	102	87	8.268	8.145	8.391
101	80	102	90	7.078	7.035	7.122
101	79	102	89	6.668	6.567	6.768
125	80	126	90	7.907	7.779	8.036
72	78	73	88	6.941	6.841	7.041
72	77	73	87	4.625	4.582	4.669
72	75	73	85	6.294	6.236	6.352
72	76	73	86	6.058	6.043	6.073
112	80	113	90	8.122	8.086	8.159
148	85	149	95	8.272	8.175	8.368
