#Generated by PS-HomPPI v1.2
#Predicted Ca-Ca distances between query chains A1 and B1 (Distances larger than 8.5 angstroms are not included).

A1	B1	min	max	mean
71	77	4.289	8.794	6.761
71	75	8.401	10.208	9.324
71	76	7.595	10.863	9.165
71	78	5.256	7.784	6.356
71	79	7.240	10.560	9.079
70	77	7.363	10.913	8.777
118	83	7.675	9.852	8.715
102	75	8.374	10.969	9.674
102	80	7.963	8.467	8.292
102	78	4.431	5.153	4.765
102	79	5.698	5.909	5.784
102	87	7.815	10.919	10.032
102	77	5.771	7.556	6.756
102	76	5.710	8.126	6.850
26	6	8.305	8.305	8.305
26	7	5.272	5.272	5.272
26	8	8.171	8.171	8.171
1	11	6.337	6.337	6.337
1	7	7.175	7.175	7.175
1	48	5.707	5.707	5.707
1	14	7.577	7.577	7.577
1	10	6.758	6.758	6.758
72	77	4.313	8.682	6.601
72	75	6.430	9.791	8.333
72	76	5.796	10.040	8.156
72	78	5.663	7.848	6.899
125	80	7.518	7.876	7.645
125	79	8.450	9.019	8.689
100	80	5.855	6.325	6.010
100	78	5.988	7.013	6.551
100	79	5.505	5.729	5.651
110	78	7.668	9.300	8.585
27	7	8.040	8.040	8.040
25	7	8.119	8.119	8.119
147	83	8.374	10.482	9.706
147	82	7.690	10.923	9.024
120	84	8.277	10.092	9.183
120	83	6.083	10.603	8.393
120	82	8.031	9.647	9.083
59	83	7.577	10.610	8.249
59	82	6.746	8.254	7.250
112	80	8.176	8.771	8.345
103	78	7.917	8.490	8.149
103	79	7.286	7.993	7.686
103	87	7.907	10.658	9.701
103	76	7.486	10.546	9.279
148	85	8.177	8.737	8.473
148	82	7.120	10.745	8.911
124	80	8.356	8.631	8.504
121	81	7.593	9.524	8.316
121	83	8.105	10.571	9.478
121	80	7.047	7.507	7.238
149	82	8.140	10.158	9.332
56	82	7.314	10.132	8.204
164	50	6.916	6.916	6.916
164	51	8.134	8.134	8.134
73	77	7.645	10.767	8.624
73	78	8.383	10.226	9.268
101	77	8.424	9.441	8.785
101	80	6.773	7.300	7.074
101	78	4.900	5.928	5.437
101	79	5.320	5.574	5.428
62	79	8.356	9.890	9.297
54	79	8.432	10.976	10.068
