#A1	B1	1m9xA	1m9xD	Distance
100	77	101	87	10.448
100	78	101	88	6.648
100	79	101	89	5.687
100	80	101	90	6.325
100	81	101	91	9.862
101	76	102	86	9.674
101	77	102	87	8.729
101	78	102	88	5.499
101	79	102	89	5.32
101	80	102	90	7.3
101	81	102	91	10.221
102	75	103	85	9.021
102	76	103	86	6.21
102	77	103	87	6.416
102	78	103	88	4.785
102	79	103	89	5.7
102	80	103	90	8.444
102	81	103	91	10.162
103	76	104	86	8.171
103	77	104	87	9.273
103	78	104	88	8.034
103	79	104	89	7.326
103	80	104	90	9.368
104	79	105	89	10.291
106	78	107	88	9.959
106	79	107	89	10.517
107	78	108	88	10.478
107	79	108	89	10.837
108	78	109	88	10.974
110	78	111	88	8.804
110	79	111	89	9.81
110	80	111	90	10.851
111	78	112	88	10.194
111	79	112	89	9.846
111	80	112	90	9.838
112	78	113	88	10.967
112	79	113	89	9.773
112	80	113	90	8.725
114	80	115	90	10.753
118	80	119	90	10.003
118	82	119	92	10.694
118	83	119	93	9.69
120	80	121	90	10.033
120	81	121	91	10.717
120	83	121	93	10.501
121	79	122	89	9.619
121	80	122	90	7.507
121	81	122	91	9.403
122	80	123	90	10.916
124	79	125	89	8.985
124	80	125	90	8.51
124	81	125	91	10.928
125	79	126	89	8.486
125	80	126	90	7.876
146	82	147	92	10.545
147	82	148	92	7.803
147	83	148	93	8.564
147	84	148	94	9.48
147	85	148	95	9.617
148	81	149	91	9.777
148	82	149	92	7.12
148	83	149	93	9.298
148	84	149	94	10.11
148	85	149	95	8.737
149	81	150	91	10.412
149	82	150	92	8.14
149	83	150	93	10.853
54	78	55	88	10.271
54	79	55	89	10.976
54	80	55	90	10.715
54	82	55	92	10.18
55	82	56	92	9.787
56	80	57	90	10.624
56	81	57	91	10.267
56	82	57	92	7.314
56	83	57	93	8.917
57	82	58	92	9.908
57	83	58	93	10.183
58	82	59	92	10.097
58	83	59	93	9.285
59	80	60	90	9.718
59	81	60	91	10.037
59	82	60	92	7.577
59	83	60	93	7.592
60	80	61	90	9.114
60	81	61	91	10.497
60	82	61	92	8.847
60	83	61	93	10.237
61	80	62	90	10.63
62	78	63	88	10.007
62	79	63	89	9.89
62	80	63	90	9.326
63	78	64	88	10.942
65	78	66	88	10.802
70	77	71	87	10.913
70	78	71	88	10.184
71	76	72	86	10.863
71	77	72	87	8.021
71	78	72	88	6.647
71	79	72	89	9.789
72	75	73	85	9.255
72	76	73	86	9.595
72	77	73	87	7.942
72	78	73	88	7.67
73	78	74	88	9.816
74	78	75	88	10.85
98	80	99	90	10.02
99	78	100	88	10.361
99	79	100	89	9.072
99	80	100	90	9.054
