#A1	B1	1m9xB	1m9xC	Distance
100	77	101	87	9.708
100	78	101	88	5.988
100	79	101	89	5.505
100	80	101	90	5.955
100	81	101	91	9.734
101	76	102	86	10.051
101	77	102	87	8.538
101	78	102	88	5.038
101	79	102	89	5.442
101	80	102	90	7.195
101	81	102	91	10.427
102	76	103	86	7.388
102	77	103	87	7.157
102	78	103	88	4.84
102	79	103	89	5.817
102	80	103	90	8.358
102	81	103	91	10.581
102	87	103	97	10.255
102	88	103	98	10.86
103	76	104	86	10.53
103	77	104	87	10.75
103	78	104	88	8.269
103	79	104	89	7.746
103	80	104	90	9.385
104	79	105	89	10.752
106	78	107	88	9.244
106	79	107	89	10.499
107	78	108	88	9.617
107	79	108	89	10.743
108	78	109	88	9.716
109	78	110	88	10.385
110	77	111	87	10.214
110	78	111	88	7.705
110	79	111	89	9.474
110	80	111	90	10.392
111	78	112	88	9.328
111	79	112	89	9.516
111	80	112	90	9.324
112	78	113	88	10.525
112	79	113	89	9.483
112	80	113	90	8.268
113	80	114	90	10.875
114	80	115	90	10.443
118	80	119	90	9.702
118	81	119	91	9.725
118	82	119	92	8.649
118	83	119	93	9.068
119	83	120	93	10.851
120	80	121	90	9.644
120	81	121	91	8.957
120	82	121	92	9.238
120	83	121	93	8.87
121	79	122	89	9.731
121	80	122	90	7.212
121	81	122	91	8.017
121	82	122	92	9.358
121	83	122	93	10.466
122	80	123	90	10.65
124	79	125	89	9.593
124	80	125	90	8.59
124	81	125	91	10.342
125	79	126	89	8.824
125	80	126	90	7.745
125	81	126	91	10.56
147	82	148	92	9.096
147	83	148	93	10.356
147	84	148	94	9.731
147	85	148	95	9.216
148	111	149	121	10.52
148	112	149	122	10.477
148	79	149	89	10.472
148	81	149	91	10.319
148	82	149	92	9.002
148	84	149	94	10.304
148	85	149	95	8.368
148	86	149	96	10.444
149	79	150	89	9.636
149	81	150	91	10.74
149	82	150	92	9.736
149	85	150	95	10.972
53	79	54	89	10.608
54	77	55	87	10.674
54	78	55	88	10.094
54	79	55	89	8.432
54	80	55	90	10.118
55	79	56	89	10.602
55	82	56	92	10.813
56	79	57	89	10.844
56	80	57	90	10.581
56	81	57	91	10.256
56	82	57	92	8.134
56	83	57	93	10.61
57	82	58	92	10.159
58	82	59	92	9.514
58	83	59	93	10.227
59	80	60	90	9.737
59	81	60	91	9.391
59	82	60	92	6.801
59	83	60	93	8.496
60	79	61	89	10.578
60	80	61	90	8.932
60	81	61	91	10.02
60	82	61	92	8.693
61	79	62	89	10.613
61	80	62	90	10.123
62	78	63	88	9.459
62	79	63	89	8.356
62	80	63	90	8.74
63	78	64	88	10.051
63	79	64	89	10.312
64	78	65	88	10.646
65	77	66	87	9.944
65	78	66	88	9.41
68	75	69	85	10.943
68	77	69	87	10.104
69	77	70	87	10.347
70	75	71	85	10.505
70	76	71	86	10.284
70	77	71	87	7.372
70	78	71	88	8.942
70	79	71	89	10.162
71	75	72	85	9.36
71	76	72	86	7.925
71	77	72	87	4.569
71	78	72	88	5.322
71	79	72	89	7.248
71	80	72	90	10.574
72	74	73	84	9.644
72	75	73	85	6.461
72	76	73	86	5.796
72	77	73	87	4.347
72	78	73	88	6.444
72	79	73	89	9.47
73	75	74	85	9.47
73	76	74	86	8.955
73	77	74	87	7.737
73	78	74	88	8.482
74	77	75	87	10.39
74	78	75	88	9.828
98	80	99	90	9.714
99	78	100	88	9.664
99	79	100	89	9.008
99	80	100	90	8.76
