#A1	B1	1m9xF	1m9xG	Distance
100	77	101	87	9.706
100	78	101	88	5.989
100	79	101	89	5.71
100	80	101	90	6.015
100	81	101	91	9.812
101	76	102	86	10.114
101	77	102	87	8.537
101	78	102	88	5.073
101	79	102	89	5.574
101	80	102	90	7.218
101	81	102	91	10.523
102	75	103	85	10.967
102	76	103	86	7.338
102	77	103	87	7.074
102	78	103	88	4.762
102	79	103	89	5.78
102	80	103	90	8.344
102	81	103	91	10.612
102	87	103	97	10.148
102	88	103	98	10.837
103	76	104	86	10.497
103	77	104	87	10.711
103	78	104	88	8.207
103	79	104	89	7.683
103	80	104	90	9.27
104	79	105	89	10.649
106	78	107	88	9.258
106	79	107	89	10.539
107	78	108	88	9.572
107	79	108	89	10.841
108	78	109	88	9.697
109	78	110	88	10.332
110	77	111	87	10.221
110	78	111	88	7.668
110	79	111	89	9.558
110	80	111	90	10.396
111	78	112	88	9.249
111	79	112	89	9.713
111	80	112	90	9.251
112	78	113	88	10.52
112	79	113	89	9.641
112	80	113	90	8.24
113	80	114	90	10.795
114	80	115	90	10.406
118	80	119	90	9.755
118	81	119	91	9.881
118	82	119	92	8.9
118	83	119	93	9.036
119	83	120	93	10.941
120	80	121	90	9.545
120	81	121	91	9.085
120	82	121	92	9.554
120	83	121	93	9.028
121	79	122	89	9.679
121	80	122	90	7.081
121	81	122	91	8.16
121	82	122	92	9.629
121	83	122	93	10.571
122	80	123	90	10.538
124	79	125	89	9.513
124	80	125	90	8.357
124	81	125	91	10.403
125	79	126	89	8.865
125	80	126	90	7.62
125	81	126	91	10.682
126	80	127	90	10.931
147	82	148	92	8.874
147	83	148	93	10.058
147	84	148	94	9.645
147	85	148	95	9.076
148	111	149	121	10.436
148	112	149	122	10.84
148	79	149	89	10.553
148	81	149	91	10.288
148	82	149	92	8.597
148	83	149	93	10.754
148	84	149	94	10.213
148	85	149	95	8.177
148	86	149	96	10.265
149	79	150	89	9.777
149	80	150	90	10.88
149	81	150	91	10.836
149	82	150	92	9.473
149	85	150	95	10.881
53	78	54	88	10.997
53	79	54	89	10.724
54	77	55	87	10.736
54	78	55	88	10.133
54	79	55	89	8.606
54	80	55	90	9.979
55	79	56	89	10.8
55	80	56	90	10.953
55	82	56	92	10.545
56	80	57	90	10.395
56	81	57	91	10.31
56	82	57	92	7.864
56	83	57	93	10.238
57	82	58	92	10.015
58	82	59	92	9.456
58	83	59	93	9.892
59	80	60	90	9.619
59	81	60	91	9.442
59	82	60	92	6.746
59	83	60	93	8.168
60	79	61	89	10.796
60	80	61	90	8.813
60	81	61	91	10.1
60	82	61	92	8.583
61	79	62	89	10.808
61	80	62	90	9.981
62	78	63	88	9.438
62	79	63	89	8.483
62	80	63	90	8.556
63	78	64	88	9.967
63	79	64	89	10.369
64	78	65	88	10.51
65	77	66	87	9.877
65	78	66	88	9.311
68	75	69	85	10.925
68	77	69	87	10.052
69	77	70	87	10.29
70	75	71	85	10.473
70	76	71	86	10.3
70	77	71	87	7.363
70	78	71	88	8.92
70	79	71	89	10.183
71	75	72	85	9.327
71	76	72	86	7.949
71	77	72	87	4.537
71	78	72	88	5.299
71	79	72	89	7.24
71	80	72	90	10.506
72	74	73	84	9.715
72	75	73	85	6.43
72	76	73	86	5.859
72	77	73	87	4.313
72	78	73	88	6.44
72	79	73	89	9.418
73	75	74	85	9.381
73	76	74	86	8.946
73	77	74	87	7.645
73	78	74	88	8.383
74	77	75	87	10.468
74	78	75	88	9.924
98	80	99	90	9.712
99	78	100	88	9.656
99	79	100	89	9.23
99	80	100	90	8.799
