#A1	B1	1m9xE	1m9xH	Distance
100	77	101	87	10.332
100	78	101	88	6.599
100	79	101	89	5.648
100	80	101	90	6.266
100	81	101	91	9.768
101	76	102	86	9.564
101	77	102	87	8.73
101	78	102	88	5.546
101	79	102	89	5.357
101	80	102	90	7.287
101	81	102	91	10.239
102	75	103	85	9.072
102	76	103	86	6.113
102	77	103	87	6.466
102	78	103	88	4.834
102	79	103	89	5.76
102	80	103	90	8.467
102	81	103	91	10.233
103	76	104	86	8.095
103	77	104	87	9.309
103	78	104	88	8.017
103	79	104	89	7.286
103	80	104	90	9.309
104	79	105	89	10.234
106	78	107	88	10.042
106	79	107	89	10.559
107	78	108	88	10.493
107	79	108	89	10.811
110	78	111	88	8.83
110	79	111	89	9.841
110	80	111	90	10.848
111	78	112	88	10.173
111	79	112	89	9.837
111	80	112	90	9.809
112	79	113	89	9.834
112	80	113	90	8.771
114	80	115	90	10.714
118	80	119	90	10.012
118	82	119	92	10.794
118	83	119	93	9.852
120	80	121	90	10.003
120	81	121	91	10.868
120	83	121	93	10.603
121	79	122	89	9.576
121	80	122	90	7.452
121	81	122	91	9.524
122	80	123	90	10.882
124	79	125	89	8.883
124	80	125	90	8.356
124	81	125	91	10.974
125	79	126	89	8.45
125	80	126	90	7.793
146	82	147	92	10.502
147	82	148	92	7.69
147	83	148	93	8.374
147	84	148	94	9.098
147	85	148	95	9.455
148	81	149	91	9.626
148	82	149	92	7.148
148	83	149	93	9.263
148	84	149	94	9.819
148	85	149	95	8.61
149	81	150	91	10.259
149	82	150	92	8.185
149	83	150	93	10.819
54	78	55	88	10.133
54	79	55	89	10.923
54	80	55	90	10.705
54	82	55	92	10.149
55	82	56	92	9.826
56	80	57	90	10.734
56	81	57	91	10.135
56	82	57	92	7.357
56	83	57	93	8.888
57	82	58	92	9.897
57	83	58	93	10.107
58	82	59	92	10.111
58	83	59	93	9.264
59	80	60	90	9.749
59	81	60	91	9.942
59	82	60	92	7.578
59	83	60	93	7.577
60	80	61	90	9.135
60	81	61	91	10.391
60	82	61	92	8.917
60	83	61	93	10.303
61	80	62	90	10.708
62	78	63	88	9.933
62	79	63	89	9.877
62	80	63	90	9.339
63	78	64	88	10.928
65	78	66	88	10.804
70	77	71	87	10.723
70	78	71	88	10.175
71	76	72	86	10.611
71	77	72	87	7.805
71	78	72	88	6.605
71	79	72	89	9.803
72	75	73	85	9.542
72	76	73	86	9.48
72	77	73	87	7.905
72	78	73	88	7.782
73	78	74	88	9.963
74	78	75	88	10.816
98	80	99	90	9.995
99	78	100	88	10.349
99	79	100	89	9.058
99	80	100	90	9.018
