#A1	B1	1m9dB	1m9dC	Distance
100	77	101	87	10.65
100	78	101	88	6.985
100	79	101	89	5.675
100	80	101	90	5.923
100	81	101	91	9.707
101	77	102	87	9.432
101	78	102	88	5.773
101	79	102	89	5.427
101	80	102	90	7.021
101	81	102	91	10.182
102	76	103	86	8.126
102	77	103	87	7.556
102	78	103	88	4.905
102	79	103	89	5.909
102	80	103	90	8.404
102	81	103	91	10.408
102	87	103	97	10.919
103	76	104	86	10.546
103	77	104	87	10.601
103	78	104	88	8.302
103	79	104	89	7.872
103	80	104	90	9.62
104	79	105	89	10.784
106	78	107	88	9.995
106	79	107	89	10.651
107	78	108	88	10.804
110	78	111	88	9.148
110	79	111	89	9.751
110	80	111	90	10.479
111	78	112	88	10.5
111	79	112	89	9.655
111	80	112	90	9.276
112	79	113	89	9.54
112	80	113	90	8.186
113	80	114	90	10.86
114	80	115	90	10.537
116	83	117	93	10.659
117	83	118	93	10.208
118	80	119	90	9.694
118	81	119	91	9.908
118	82	119	92	8.696
118	83	119	93	7.675
118	84	119	94	10.954
119	82	120	92	10.836
119	83	120	93	9.099
120	80	121	90	9.637
120	81	121	91	8.858
120	82	121	92	8.858
120	83	121	93	7.165
120	84	121	94	8.777
120	85	121	95	10.331
121	79	122	89	9.379
121	80	122	90	7.148
121	81	122	91	7.911
121	82	122	92	9.091
121	83	122	93	8.992
122	80	123	90	10.558
124	79	125	89	9.37
124	80	125	90	8.62
124	81	125	91	10.297
125	79	126	89	8.515
125	80	126	90	7.518
125	81	126	91	10.364
126	80	127	90	10.82
147	82	148	92	9.521
148	82	149	92	9.851
149	82	150	92	10.158
54	77	55	87	10.873
54	78	55	88	10.331
54	79	55	89	10.591
54	80	55	90	10.507
56	80	57	90	10.963
56	81	57	91	10.624
56	82	57	92	8.454
56	83	57	93	10.869
57	82	58	92	10.42
58	82	59	92	9.692
58	83	59	93	9.894
59	80	60	90	9.79
59	81	60	91	9.59
59	82	60	92	6.966
59	83	60	93	7.933
60	80	61	90	8.991
60	81	61	91	10.176
60	82	61	92	8.805
60	83	61	93	10.759
61	80	62	90	10.416
62	78	63	88	10.286
62	79	63	89	9.668
62	80	63	90	9.043
71	77	72	87	8.553
71	78	72	88	7.784
71	79	72	89	10.56
72	75	73	85	9.791
72	76	73	86	9.541
72	77	73	87	7.778
72	78	73	88	6.863
72	79	73	89	10.412
73	78	74	88	9.521
98	79	99	89	10.907
98	80	99	90	9.421
99	78	100	88	10.694
99	79	100	89	9.06
99	80	100	90	8.584
