#A1	B1	4dgaA	4dgaC	Distance
100	77	101	87	10.399
100	78	101	88	6.715
100	79	101	89	5.676
100	80	101	90	5.955
100	81	101	91	9.627
101	76	102	86	9.447
101	77	102	87	8.424
101	78	102	88	5.384
101	79	102	89	5.412
101	80	102	90	6.949
101	81	102	91	9.857
102	75	103	85	8.549
102	76	103	86	5.8
102	77	103	87	5.771
102	78	103	88	4.431
102	79	103	89	5.698
102	80	103	90	8.125
102	81	103	91	9.739
102	87	103	97	9.867
102	88	103	98	10.936
103	75	104	85	10.393
103	76	104	86	7.607
103	77	104	87	8.724
103	78	104	88	7.917
103	79	104	89	7.784
103	80	104	90	9.396
103	81	104	91	10.67
103	87	104	97	9.913
104	79	105	89	10.808
106	76	107	86	10.701
106	78	107	88	9.508
106	79	107	89	10.538
107	78	108	88	10.06
107	79	108	89	10.708
108	78	109	88	10.681
110	78	111	88	8.805
110	79	111	89	9.609
110	80	111	90	10.414
111	78	112	88	10.244
111	79	112	89	9.575
111	80	112	90	9.274
112	79	113	89	9.539
112	80	113	90	8.274
113	80	114	90	10.724
114	80	115	90	10.397
118	80	119	90	9.926
118	81	119	91	10.369
118	82	119	92	9.445
118	83	119	93	8.427
119	83	120	93	10.117
120	80	121	90	9.758
120	81	121	91	9.233
120	82	121	92	9.647
120	83	121	93	8.118
120	84	121	94	10.092
121	79	122	89	9.544
121	80	122	90	7.232
121	81	122	91	8.16
121	82	122	92	9.579
121	83	122	93	9.572
122	80	123	90	10.638
124	79	125	89	9.401
124	80	125	90	8.467
124	81	125	91	10.064
125	79	126	89	8.684
125	80	126	90	7.534
125	81	126	91	10.361
126	80	127	90	10.824
147	82	148	92	8.726
147	83	148	93	10.399
148	82	149	92	9.362
149	81	150	91	10.82
149	82	150	92	9.323
54	78	55	88	10.311
54	79	55	89	10.263
54	80	55	90	10.337
55	82	56	92	10.573
56	80	57	90	10.623
56	81	57	91	10.512
56	82	57	92	8.01
56	83	57	93	10.264
57	82	58	92	10.28
58	82	59	92	9.899
58	83	59	93	9.885
59	80	60	90	9.632
59	81	60	91	9.774
59	82	60	92	7.206
59	83	60	93	7.925
60	79	61	89	10.893
60	80	61	90	8.777
60	81	61	91	10.236
60	82	61	92	8.802
60	83	61	93	10.688
61	80	62	90	10.292
62	78	63	88	10.24
62	79	63	89	9.46
62	80	63	90	8.917
65	78	66	88	10.666
71	75	72	85	10.208
71	76	72	86	10.05
71	77	72	87	7.521
71	78	72	88	7.096
71	79	72	89	10.491
72	75	73	85	8.997
72	76	73	86	8.64
72	77	73	87	6.936
72	78	73	88	5.663
72	79	73	89	9.279
73	77	74	87	10.767
73	78	74	88	9.135
98	79	99	89	10.98
98	80	99	90	9.479
99	78	100	88	10.441
99	79	100	89	9.096
99	80	100	90	8.591
