#A1	B1	4dgeA	4dgeC	Distance
100	77	101	87	9.697
100	78	101	88	6.029
100	79	101	89	5.565
100	80	101	90	5.925
100	81	101	91	9.639
101	76	102	86	10.022
101	77	102	87	8.489
101	78	102	88	4.9
101	79	102	89	5.387
101	80	102	90	6.773
101	81	102	91	9.754
101	87	102	97	10.589
102	75	103	85	10.969
102	76	103	86	7.209
102	77	103	87	6.921
102	78	103	88	4.552
102	79	103	89	5.772
102	80	103	90	7.963
102	81	103	91	9.681
102	86	103	96	10.634
102	87	103	97	7.815
102	88	103	98	9.714
102	89	103	99	10.949
103	76	104	86	10.311
103	77	104	87	10.536
103	78	104	88	8.119
103	79	104	89	7.993
103	80	104	90	9.132
103	81	104	91	10.438
103	86	104	96	9.956
103	87	104	97	7.907
103	88	104	98	10.6
106	78	107	88	8.971
106	79	107	89	10.575
107	78	108	88	9.228
107	79	108	89	10.575
108	78	109	88	9.77
109	78	110	88	10.509
110	77	111	87	10.473
110	78	111	88	7.908
110	79	111	89	9.376
110	80	111	90	10.463
111	78	112	88	9.413
111	79	112	89	9.315
111	80	112	90	9.246
112	78	113	88	10.549
112	79	113	89	9.224
112	80	113	90	8.214
113	80	114	90	10.737
114	80	115	90	10.408
118	80	119	90	9.876
118	81	119	91	10.14
118	82	119	92	8.718
118	83	119	93	8.609
119	82	120	92	10.501
119	83	120	93	9.071
120	80	121	90	9.8
120	81	121	91	9.079
120	82	121	92	8.031
120	83	121	93	6.083
120	84	121	94	8.277
120	85	121	95	10.188
121	79	122	89	9.935
121	80	122	90	7.299
121	81	122	91	8.019
121	82	122	92	8.519
121	83	122	93	8.105
121	84	122	94	10.332
122	80	123	90	10.732
124	79	125	89	9.996
124	80	125	90	8.587
124	81	125	91	10.09
125	79	126	89	9.019
125	80	126	90	7.606
125	81	126	91	10.362
126	80	127	90	10.938
147	82	148	92	10.923
148	82	149	92	10.745
53	77	54	87	10.82
54	77	55	87	10.425
54	78	55	88	10.254
54	79	55	89	9.906
54	80	55	90	10.42
56	81	57	91	10.946
56	82	57	92	10.132
59	80	60	90	9.85
59	81	60	91	9.877
59	82	60	92	8.254
59	83	60	93	10.61
60	79	61	89	10.75
60	80	61	90	8.898
60	81	61	91	10.266
60	82	61	92	10.076
61	80	62	90	10.265
62	78	63	88	9.462
62	79	63	89	8.833
62	80	63	90	8.728
63	78	64	88	10.164
63	79	64	89	10.882
65	77	66	87	10.573
65	78	66	88	9.878
70	75	71	85	9.833
70	76	71	86	10.361
70	77	71	87	7.515
70	78	71	88	9.059
71	75	72	85	8.401
71	76	72	86	7.595
71	77	72	87	4.289
71	78	72	88	5.256
71	79	72	89	7.984
71	80	72	90	10.447
72	74	73	84	10.599
72	75	73	85	6.963
72	76	73	86	6.3
72	77	73	87	4.902
72	78	73	88	6.484
72	79	73	89	10.128
73	75	74	85	10.422
73	76	74	86	9.512
73	77	74	87	8.349
73	78	74	88	8.62
74	78	75	88	10.43
98	79	99	89	10.924
98	80	99	90	9.461
99	78	100	88	9.721
99	79	100	89	9.079
99	80	100	90	8.612
