#A1	B1	1m9dA	1m9dD	Distance
100	77	101	87	10.659
100	78	101	88	7.013
100	79	101	89	5.729
100	80	101	90	5.871
100	81	101	91	9.559
101	76	102	86	9.394
101	77	102	87	8.742
101	78	102	88	5.796
101	79	102	89	5.483
101	80	102	90	6.974
101	81	102	91	9.934
102	75	103	85	8.374
102	76	103	86	5.71
102	77	103	87	5.983
102	78	103	88	4.626
102	79	103	89	5.779
102	80	103	90	8.28
102	81	103	91	10.048
102	87	103	97	10.861
102	88	103	98	10.537
103	75	104	85	10.424
103	76	104	86	7.486
103	77	104	87	8.739
103	78	104	88	7.988
103	79	104	89	7.742
103	80	104	90	9.54
103	81	104	91	10.848
103	87	104	97	10.327
103	88	104	98	10.685
104	79	105	89	10.677
106	76	107	86	10.723
106	78	107	88	10.125
106	79	107	89	10.817
107	78	108	88	10.775
107	79	108	89	10.988
110	78	111	88	9.3
110	79	111	89	9.806
110	80	111	90	10.407
111	78	112	88	10.634
111	79	112	89	9.75
111	80	112	90	9.241
112	79	113	89	9.638
112	80	113	90	8.176
113	80	114	90	10.625
114	80	115	90	10.211
116	83	117	93	10.837
117	83	118	93	10.78
118	80	119	90	9.729
118	81	119	91	9.825
118	82	119	92	9.222
118	83	119	93	8.252
119	83	120	93	9.823
120	80	121	90	9.538
120	81	121	91	8.537
120	82	121	92	9.336
120	83	121	93	8.075
120	84	121	94	9.965
120	85	121	95	10.582
121	79	122	89	9.251
121	80	122	90	7.047
121	81	122	91	7.593
121	82	122	92	9.441
121	83	122	93	9.729
122	80	123	90	10.431
124	79	125	89	9.191
124	80	125	90	8.419
124	81	125	91	9.8
125	79	126	89	8.601
125	80	126	90	7.526
125	81	126	91	10.188
126	80	127	90	10.805
147	82	148	92	9.001
147	83	148	93	10.482
148	82	149	92	8.945
149	82	150	92	9.574
54	78	55	88	10.375
54	79	55	89	10.549
54	80	55	90	10.441
55	82	56	92	10.516
56	80	57	90	10.718
56	81	57	91	10.675
56	82	57	92	8.026
56	83	57	93	10.102
57	82	58	92	10.253
58	82	59	92	9.783
58	83	59	93	9.487
59	80	60	90	9.557
59	81	60	91	9.557
59	82	60	92	6.992
59	83	60	93	7.593
60	80	61	90	8.833
60	81	61	91	10.234
60	82	61	92	8.787
60	83	61	93	10.574
61	80	62	90	10.302
62	78	63	88	10.319
62	79	63	89	9.571
62	80	63	90	8.821
70	78	71	88	10.289
71	77	72	87	8.794
71	78	72	88	6.84
71	79	72	89	9.52
72	75	73	85	9.225
72	76	73	86	10.04
72	77	73	87	8.682
72	78	73	88	7.848
73	78	74	88	10.226
98	79	99	89	10.914
98	80	99	90	9.31
99	78	100	88	10.778
99	79	100	89	9.185
99	80	100	90	8.59
