#A1	B1	4dgaB	4dgaD	Distance
100	77	101	87	10.757
100	78	101	88	6.991
100	79	101	89	5.66
100	80	101	90	5.855
100	81	101	91	9.605
101	76	102	86	10.878
101	77	102	87	9.441
101	78	102	88	5.928
101	79	102	89	5.453
101	80	102	90	6.952
101	81	102	91	10.046
102	75	103	85	10.768
102	76	103	86	7.756
102	77	103	87	7.462
102	78	103	88	5.153
102	79	103	89	5.837
102	80	103	90	8.247
102	81	103	91	10.135
102	87	103	97	10.361
103	76	104	86	10.265
103	77	104	87	10.491
103	78	104	88	8.49
103	79	104	89	7.738
103	80	104	90	9.289
103	81	104	91	10.849
103	87	104	97	10.658
104	79	105	89	10.752
106	78	107	88	10.097
106	79	107	89	10.55
107	78	108	88	10.669
107	79	108	89	10.78
110	78	111	88	9.099
110	79	111	89	9.732
110	80	111	90	10.477
111	78	112	88	10.469
111	79	112	89	9.688
111	80	112	90	9.316
112	79	113	89	9.566
112	80	113	90	8.248
113	80	114	90	10.841
114	80	115	90	10.496
116	83	117	93	10.975
117	83	118	93	10.544
118	80	119	90	9.775
118	81	119	91	10.073
118	82	119	92	8.799
118	83	119	93	7.827
119	82	120	92	10.958
119	83	120	93	9.221
120	80	121	90	9.628
120	81	121	91	8.998
120	82	121	92	8.92
120	83	121	93	7.097
120	84	121	94	8.804
120	85	121	95	10.383
121	79	122	89	9.501
121	80	122	90	7.168
121	81	122	91	8.061
121	82	122	92	9.137
121	83	122	93	8.911
122	80	123	90	10.621
124	79	125	89	9.595
124	80	125	90	8.631
124	81	125	91	10.359
125	79	126	89	8.757
125	80	126	90	7.584
125	81	126	91	10.472
126	80	127	90	10.901
147	82	148	92	9.58
148	81	149	91	10.759
148	82	149	92	9.428
149	81	150	91	10.953
149	82	150	92	10.068
54	78	55	88	10.018
54	79	55	89	10.366
54	80	55	90	10.4
56	80	57	90	10.913
56	81	57	91	10.602
56	82	57	92	8.545
57	82	58	92	10.561
58	82	59	92	9.871
58	83	59	93	10.417
59	80	60	90	9.788
59	81	60	91	9.678
59	82	60	92	7.127
59	83	60	93	8.345
60	80	61	90	9.039
60	81	61	91	10.295
60	82	61	92	9.017
61	80	62	90	10.413
62	78	63	88	10.08
62	79	63	89	9.532
62	80	63	90	8.962
65	78	66	88	10.868
98	79	99	89	10.996
98	80	99	90	9.432
99	78	100	88	10.767
99	79	100	89	9.153
99	80	100	90	8.588
