#A1	B1	1m9xA	1m9xG	Distance
1	10	2	20	6.758
1	11	2	21	6.337
1	12	2	22	9.952
1	13	2	23	9.677
1	14	2	24	7.577
1	15	2	25	10.425
1	44	2	54	8.861
1	45	2	55	8.725
1	46	2	56	10.56
1	47	2	57	8.645
1	48	2	58	5.707
1	49	2	59	8.788
1	50	2	60	9.874
1	6	2	16	10.553
1	7	2	17	7.175
1	8	2	18	9.382
1	9	2	19	10.042
163	50	164	60	10.601
164	47	165	57	10.428
164	48	165	58	9.707
164	49	165	59	9.601
164	50	165	60	6.916
164	51	165	61	8.134
164	53	165	63	10.875
2	10	3	20	10.332
2	11	3	21	9.539
2	14	3	24	10.965
2	47	3	57	10.889
2	48	3	58	8.52
2	7	3	17	9.443
24	7	25	17	10.337
25	10	26	20	10.791
25	6	26	16	10.809
25	7	26	17	8.119
26	10	27	20	8.954
26	11	27	21	8.964
26	4	27	14	10.771
26	5	27	15	9.973
26	6	27	16	8.305
26	7	27	17	5.272
26	8	27	18	8.171
26	9	27	19	10.472
27	6	28	16	10.059
27	7	28	17	8.04
27	8	28	18	10.581
28	7	29	17	10.314
29	4	30	14	9.246
29	44	30	54	10.921
29	5	30	15	10.139
29	6	30	16	10.595
29	7	30	17	9.249
3	47	4	57	10.147
3	48	4	58	8.679
3	50	4	60	10.64
30	4	31	14	10.323
