# generated by combineDisRestraintFLs_oneCluster.pl
# Predicted Ca-Ca distances between query chains (Distances larger than 8.5 angstroms are not included).
# NOTE: the atom residue numbers in this file belong to template 1, which was used as the structure of the query proteins.

A_template1	B_template1	mean	min	max
105	91	7.973	7.973	7.973
105	90	8.118	8.118	8.118
111	88	7.578	7.578	7.578
104	90	6.330	6.330	6.330
104	89	7.124	7.124	7.124
104	88	8.378	8.378	8.378
104	97	6.694	6.694	6.694
104	91	6.191	6.191	6.191
100	90	7.472	7.472	7.472
124	92	8.181	8.181	8.181
124	91	8.450	8.450	8.450
124	93	8.170	8.170	8.170
101	88	5.585	5.585	5.585
101	90	5.350	5.350	5.350
101	89	5.923	5.923	5.923
123	92	7.866	7.866	7.866
123	93	8.390	8.390	8.390
102	88	4.940	4.940	4.940
102	87	8.446	8.446	8.446
102	91	7.965	7.965	7.965
102	90	5.043	5.043	5.043
102	89	5.332	5.332	5.332
126	91	7.283	7.283	7.283
126	90	5.075	5.075	5.075
122	92	5.268	5.268	5.268
122	91	6.903	6.903	6.903
122	93	7.271	7.271	7.271
122	90	6.799	6.799	6.799
72	88	6.192	6.192	6.192
72	87	5.678	5.678	5.678
72	85	8.170	8.170	8.170
72	86	6.861	6.861	6.861
73	88	7.620	7.620	7.620
73	87	6.589	6.589	6.589
73	85	6.720	6.720	6.720
73	86	5.492	5.492	5.492
121	92	5.829	5.829	5.829
121	93	6.363	6.363	6.363
125	92	6.239	6.239	6.239
125	91	5.135	5.135	5.135
125	93	7.670	7.670	7.670
125	90	5.350	5.350	5.350
103	87	7.210	7.210	7.210
103	90	6.505	6.505	6.505
103	89	5.472	5.472	5.472
103	88	5.119	5.119	5.119
103	97	7.384	7.384	7.384
103	91	7.822	7.822	7.822
103	86	7.915	7.915	7.915
